260 0
    1.000000     -0.1260000E-02
   0.9950586     -0.1951213E-02
   0.9887257     -0.2830942E-02
   0.9816855     -0.3800932E-02
   0.9739560     -0.4856361E-02
   0.9656013     -0.5986097E-02
   0.9567210     -0.7174514E-02
   0.9474292     -0.8404552E-02
   0.9378343     -0.9660542E-02
   0.9280261     -0.1092980E-01
   0.9180729     -0.1220296E-01
   0.9080228     -0.1347354E-01
   0.8979086     -0.1473726E-01
   0.8877522     -0.1599141E-01
   0.8775675     -0.1723426E-01
   0.8673638     -0.1846481E-01
   0.8571469     -0.1968243E-01
   0.8469207     -0.2088677E-01
   0.8366877     -0.2207763E-01
   0.8264494     -0.2325490E-01
   0.8162072     -0.2441853E-01
   0.8059618     -0.2556848E-01
   0.7957137     -0.2670471E-01
   0.7854636     -0.2782721E-01
   0.7752119     -0.2893593E-01
   0.7649588     -0.3003081E-01
   0.7547048     -0.3111179E-01
   0.7444500     -0.3217878E-01
   0.7341949     -0.3323168E-01
   0.7239398     -0.3427037E-01
   0.7136849     -0.3529470E-01
   0.7034304     -0.3630451E-01
   0.6931768     -0.3729962E-01
   0.6829243     -0.3827982E-01
   0.6726732     -0.3924488E-01
   0.6624238     -0.4019457E-01
   0.6521763     -0.4112861E-01
   0.6419312     -0.4204671E-01
   0.6316887     -0.4294855E-01
   0.6214491     -0.4383381E-01
   0.6112128     -0.4470212E-01
   0.6009801     -0.4555309E-01
   0.5907513     -0.4638633E-01
   0.5805267     -0.4720140E-01
   0.5703068     -0.4799784E-01
   0.5600918     -0.4877518E-01
   0.5498822     -0.4953291E-01
   0.5396782     -0.5027050E-01
   0.5294804     -0.5098738E-01
   0.5192891     -0.5168297E-01
   0.5091047     -0.5235666E-01
   0.4989277     -0.5300780E-01
   0.4887585     -0.5363573E-01
   0.4785976     -0.5423973E-01
   0.4684454     -0.5481909E-01
   0.4583025     -0.5537303E-01
   0.4481695     -0.5590076E-01
   0.4380468     -0.5640145E-01
   0.4279351     -0.5687424E-01
   0.4178350     -0.5731822E-01
   0.4077471     -0.5773246E-01
   0.3976722     -0.5811598E-01
   0.3876110     -0.5846777E-01
   0.3775644     -0.5878677E-01
   0.3675330     -0.5907189E-01
   0.3575180     -0.5932196E-01
   0.3475201     -0.5953581E-01
   0.3375406     -0.5971220E-01
   0.3275806     -0.5984982E-01
   0.3176412     -0.5994734E-01
   0.3077240     -0.6000334E-01
   0.2978302     -0.6001637E-01
   0.2879617     -0.5998490E-01
   0.2781201     -0.5990734E-01
   0.2683075     -0.5978203E-01
   0.2585262     -0.5960724E-01
   0.2487786     -0.5938117E-01
   0.2390675     -0.5910195E-01
   0.2293961     -0.5876761E-01
   0.2197682     -0.5837614E-01
   0.2101879     -0.5792544E-01
   0.2006603     -0.5741337E-01
   0.1911910     -0.5683772E-01
   0.1817871     -0.5619629E-01
   0.1724568     -0.5548692E-01
   0.1632101     -0.5470751E-01
   0.1540592     -0.5385618E-01
   0.1450189     -0.5293140E-01
   0.1361075     -0.5193214E-01
   0.1273471     -0.5085818E-01
   0.1187641     -0.4971040E-01
   0.1103900     -0.4849119E-01
   0.1022608     -0.4720481E-01
   0.9441588E-01 -0.4585770E-01
   0.8689648E-01 -0.4445861E-01
   0.7974224E-01 -0.4301843E-01
   0.7298764E-01 -0.4154961E-01
   0.6665837E-01 -0.4006527E-01
   0.6076863E-01 -0.3857812E-01
   0.5532020E-01 -0.3709947E-01
   0.5030323E-01 -0.3563851E-01
   0.4569841E-01 -0.3420198E-01
   0.4147988E-01 -0.3279423E-01
   0.3761813E-01 -0.3141745E-01
   0.3408235E-01 -0.3007214E-01
   0.3084228E-01 -0.2875749E-01
   0.2786935E-01 -0.2747178E-01
   0.2513736E-01 -0.2621269E-01
   0.2262275E-01 -0.2497751E-01
   0.2030464E-01 -0.2376336E-01
   0.1816475E-01 -0.2256727E-01
   0.1618723E-01 -0.2138629E-01
   0.1435848E-01 -0.2021747E-01
   0.1266685E-01 -0.1905803E-01
   0.1110254E-01 -0.1790526E-01
   0.9657462E-02 -0.1675662E-01
   0.8324892E-02 -0.1560977E-01
   0.7099534E-02 -0.1446258E-01
   0.5977352E-02 -0.1331321E-01
   0.4955289E-02 -0.1216019E-01
   0.4031391E-02 -0.1100250E-01
   0.3204436E-02 -0.9839690E-02
   0.2473849E-02 -0.8671981E-02
   0.1839447E-02 -0.7500415E-02
   0.1300989E-02 -0.6326652E-02
   0.8583420E-03 -0.5153920E-02
   0.5104130E-03 -0.3985956E-02
   0.2549422E-03 -0.2824835E-02
   0.8938940E-04 -0.1677367E-02
   0.9737117E-05 -0.5543579E-03
   0.9737117E-05  0.5543579E-03
   0.8938940E-04  0.1677367E-02
   0.2549422E-03  0.2824835E-02
   0.5104130E-03  0.3985956E-02
   0.8583420E-03  0.5153920E-02
   0.1300989E-02  0.6326652E-02
   0.1839447E-02  0.7500415E-02
   0.2473849E-02  0.8671981E-02
   0.3204436E-02  0.9839690E-02
   0.4031391E-02  0.1100250E-01
   0.4955289E-02  0.1216019E-01
   0.5977352E-02  0.1331321E-01
   0.7099534E-02  0.1446258E-01
   0.8324892E-02  0.1560977E-01
   0.9657462E-02  0.1675662E-01
   0.1110254E-01  0.1790526E-01
   0.1266685E-01  0.1905803E-01
   0.1435848E-01  0.2021747E-01
   0.1618723E-01  0.2138629E-01
   0.1816475E-01  0.2256727E-01
   0.2030464E-01  0.2376336E-01
   0.2262275E-01  0.2497751E-01
   0.2513736E-01  0.2621269E-01
   0.2786935E-01  0.2747178E-01
   0.3084228E-01  0.2875749E-01
   0.3408235E-01  0.3007214E-01
   0.3761813E-01  0.3141745E-01
   0.4147988E-01  0.3279423E-01
   0.4569841E-01  0.3420198E-01
   0.5030323E-01  0.3563851E-01
   0.5532020E-01  0.3709947E-01
   0.6076863E-01  0.3857812E-01
   0.6665837E-01  0.4006527E-01
   0.7298764E-01  0.4154961E-01
   0.7974224E-01  0.4301843E-01
   0.8689648E-01  0.4445861E-01
   0.9441588E-01  0.4585770E-01
   0.1022608      0.4720481E-01
   0.1103900      0.4849119E-01
   0.1187641      0.4971040E-01
   0.1273471      0.5085818E-01
   0.1361075      0.5193214E-01
   0.1450189      0.5293140E-01
   0.1540592      0.5385618E-01
   0.1632101      0.5470751E-01
   0.1724568      0.5548692E-01
   0.1817871      0.5619629E-01
   0.1911910      0.5683772E-01
   0.2006603      0.5741337E-01
   0.2101879      0.5792544E-01
   0.2197682      0.5837614E-01
   0.2293961      0.5876761E-01
   0.2390675      0.5910195E-01
   0.2487786      0.5938117E-01
   0.2585262      0.5960724E-01
   0.2683075      0.5978203E-01
   0.2781201      0.5990734E-01
   0.2879617      0.5998490E-01
   0.2978302      0.6001637E-01
   0.3077240      0.6000334E-01
   0.3176412      0.5994734E-01
   0.3275806      0.5984982E-01
   0.3375406      0.5971220E-01
   0.3475201      0.5953581E-01
   0.3575180      0.5932196E-01
   0.3675330      0.5907189E-01
   0.3775644      0.5878677E-01
   0.3876110      0.5846777E-01
   0.3976722      0.5811598E-01
   0.4077471      0.5773246E-01
   0.4178350      0.5731822E-01
   0.4279351      0.5687424E-01
   0.4380468      0.5640145E-01
   0.4481695      0.5590076E-01
   0.4583025      0.5537303E-01
   0.4684454      0.5481909E-01
   0.4785976      0.5423973E-01
   0.4887585      0.5363573E-01
   0.4989277      0.5300780E-01
   0.5091047      0.5235666E-01
   0.5192891      0.5168297E-01
   0.5294804      0.5098738E-01
   0.5396782      0.5027050E-01
   0.5498822      0.4953291E-01
   0.5600918      0.4877518E-01
   0.5703068      0.4799784E-01
   0.5805267      0.4720140E-01
   0.5907513      0.4638633E-01
   0.6009801      0.4555309E-01
   0.6112128      0.4470212E-01
   0.6214491      0.4383381E-01
   0.6316887      0.4294855E-01
   0.6419312      0.4204671E-01
   0.6521763      0.4112861E-01
   0.6624238      0.4019457E-01
   0.6726732      0.3924488E-01
   0.6829243      0.3827982E-01
   0.6931768      0.3729962E-01
   0.7034304      0.3630451E-01
   0.7136849      0.3529470E-01
   0.7239398      0.3427037E-01
   0.7341949      0.3323168E-01
   0.7444500      0.3217878E-01
   0.7547048      0.3111179E-01
   0.7649588      0.3003081E-01
   0.7752119      0.2893593E-01
   0.7854636      0.2782721E-01
   0.7957137      0.2670471E-01
   0.8059618      0.2556848E-01
   0.8162072      0.2441853E-01
   0.8264494      0.2325490E-01
   0.8366877      0.2207763E-01
   0.8469207      0.2088677E-01
   0.8571469      0.1968243E-01
   0.8673638      0.1846481E-01
   0.8775675      0.1723426E-01
   0.8877522      0.1599141E-01
   0.8979086      0.1473726E-01
   0.9080228      0.1347354E-01
   0.9180729      0.1220296E-01
   0.9280261      0.1092980E-01
   0.9378343      0.9660542E-02
   0.9474292      0.8404552E-02
   0.9567210      0.7174514E-02
   0.9656013      0.5986097E-02
   0.9739560      0.4856361E-02
   0.9816855      0.3800932E-02
   0.9887257      0.2830942E-02
   0.9950586      0.1951213E-02
    1.000000      0.1260000E-02
